Study Cases\01- Load Flow\All calculations.ElmRes	Nine-bus System\G2.ElmSym
b:tnow in s	s:xspeed in p.u.
-0.100000	1.000000
-0.090000	1.000000
-0.080000	1.000000
-0.070000	1.000000
-0.060000	1.000000
-0.050000	1.000000
-0.040000	1.000000
-0.030000	1.000000
-0.020000	1.000000
-0.010000	1.000000
-0.000000	1.000000
0.010000	1.000000
0.020000	1.000000
0.030000	1.000000
0.040000	1.000000
0.050000	1.000000
0.060000	1.000000
0.070000	1.000000
0.080000	1.000000
0.090000	1.000000
0.100000	1.000000
0.110000	1.000000
0.120000	1.000000
0.130000	1.000000
0.140000	1.000000
0.150000	1.000000
0.160000	1.000000
0.170000	1.000000
0.180000	1.000000
0.190000	1.000000
0.200000	1.000000
0.210000	1.000000
0.220000	1.000000
0.230000	1.000000
0.240000	1.000000
0.250000	1.000000
0.260000	1.000000
0.270000	1.000000
0.280000	1.000000
0.290000	1.000000
0.300000	1.000000
0.310000	1.000000
0.320000	1.000000
0.330000	1.000000
0.340000	1.000000
0.350000	1.000000
0.360000	1.000000
0.370000	1.000000
0.380000	1.000000
0.390000	1.000000
0.400000	1.000000
0.410000	1.000000
0.420000	1.000000
0.430000	1.000000
0.440000	1.000000
0.450000	1.000000
0.460000	1.000000
0.470000	1.000000
0.480000	1.000000
0.490000	1.000000
0.500000	1.000000
0.510000	1.000000
0.520000	1.000000
0.530000	1.000000
0.540000	1.000000
0.550000	1.000000
0.560000	1.000000
0.570000	1.000000
0.580000	1.000000
0.590000	1.000000
0.600000	1.000000
0.610000	1.000000
0.620000	1.000000
0.630000	1.000000
0.640000	1.000000
0.650000	1.000000
0.660000	1.000000
0.670000	1.000000
0.680000	1.000000
0.690000	1.000000
0.700000	1.000000
0.710000	1.000000
0.720000	1.000000
0.730000	1.000000
0.740000	1.000000
0.750000	1.000000
0.760000	1.000000
0.770000	1.000000
0.780000	1.000000
0.790000	1.000000
0.800000	1.000000
0.810000	1.000000
0.820000	1.000000
0.830000	1.000000
0.840000	1.000000
0.850000	1.000000
0.860000	1.000000
0.870000	1.000000
0.880000	1.000000
0.890000	1.000000
0.900000	1.000000
0.910000	1.000000
0.920000	1.000000
0.930000	1.000000
0.940000	1.000000
0.950000	1.000000
0.960000	1.000000
0.970000	1.000000
0.980000	1.000000
0.990000	1.000000
1.000000	1.000000
1.005000	1.000459
1.011667	1.001018
1.021667	1.001893
1.031667	1.002767
1.041667	1.003641
1.051667	1.004511
1.061667	1.005377
1.071667	1.006237
1.081667	1.007092
1.091667	1.007940
1.101667	1.008780
1.111667	1.009612
1.121667	1.010437
1.131667	1.011253
1.141667	1.012062
1.151667	1.012864
1.161667	1.013658
1.171667	1.014446
1.181667	1.015228
1.191667	1.016005
1.201667	1.016779
1.211667	1.017550
1.221667	1.018320
1.231667	1.019090
1.241667	1.019862
1.251667	1.020638
1.261667	1.021419
1.271667	1.022209
1.281667	1.023008
1.291667	1.023819
1.301667	1.024645
1.311667	1.025488
1.321667	1.026351
1.331667	1.027236
1.341667	1.028147
1.351667	1.029084
1.361667	1.030052
1.371667	1.031053
1.381667	1.032089
1.391667	1.033161
1.400000	1.034087
1.405000	1.034619
1.411667	1.035368
1.421667	1.036558
1.431667	1.037851
1.441667	1.039249
1.451667	1.040752
1.461667	1.042352
1.471667	1.044042
1.481667	1.045806
1.491667	1.047626
1.501667	1.049478
1.511667	1.051332
1.521667	1.053157
1.531667	1.054918
1.541667	1.056580
1.551667	1.058112
1.561667	1.059486
1.571667	1.060685
1.581667	1.061697
1.591667	1.062523
1.601667	1.063170
1.611667	1.063655
1.621667	1.064003
1.631667	1.064243
1.641667	1.064408
1.651667	1.064535
1.661667	1.064661
1.671667	1.064825
1.681667	1.065066
1.691667	1.065423
1.701667	1.065929
1.711667	1.066614
1.721667	1.067499
1.731667	1.068597
1.741667	1.069905
1.751667	1.071408
1.761667	1.073072
1.771667	1.074848
1.781667	1.076674
1.791667	1.078477
1.801667	1.080183
1.811667	1.081724
1.821667	1.083048
1.831667	1.084123
1.841667	1.084942
1.851667	1.085521
1.861667	1.085897
1.871667	1.086125
1.881667	1.086269
1.891667	1.086401
1.901667	1.086595
1.911667	1.086921
1.921667	1.087445
1.931667	1.088215
1.941667	1.089260
1.951667	1.090579
1.961667	1.092139
1.971667	1.093876
1.981667	1.095695
1.991667	1.097485
2.001667	1.099136
2.011667	1.100554
2.021667	1.101681
2.031667	1.102500
2.041667	1.103037
2.051667	1.103353
2.061667	1.103536
2.071667	1.103688
2.081667	1.103920
2.091667	1.104335
2.101667	1.105015
2.111667	1.106014
2.121667	1.107337
2.131667	1.108939
2.141667	1.110721
2.151667	1.112544
2.161667	1.114258
2.171667	1.115730
2.181667	1.116874
2.191667	1.117668
2.201667	1.118152
2.211667	1.118417
2.221667	1.118592
2.231667	1.118818
2.241667	1.119233
2.251667	1.119950
2.261667	1.121028
2.271667	1.122461
2.281667	1.124163
2.291667	1.125982
2.301667	1.127732
2.311667	1.129241
2.321667	1.130393
2.331667	1.131159
2.341667	1.131593
2.351667	1.131822
2.361667	1.132010
2.371667	1.132335
2.381667	1.132949
2.391667	1.133948
2.401667	1.135337
2.411667	1.137021
2.421667	1.138817
2.431667	1.140503
2.441667	1.141889
2.451667	1.142865
2.461667	1.143440
2.471667	1.143722
2.481667	1.143893
2.491667	1.144160
2.501667	1.144714
2.511667	1.145674
2.521667	1.147050
2.531667	1.148723
2.541667	1.150473
2.551667	1.152046
2.561667	1.153247
2.571667	1.154001
2.581667	1.154372
2.591667	1.154534
2.601667	1.154720
2.611667	1.155162
2.621667	1.156017
2.631667	1.157318
2.641667	1.158941
2.651667	1.160640
2.661667	1.162133
2.671667	1.163214
2.681667	1.163828
2.691667	1.164080
2.701667	1.164194
2.711667	1.164439
2.721667	1.165046
2.731667	1.166126
2.741667	1.167616
2.751667	1.169284
2.761667	1.170821
2.771667	1.171968
2.781667	1.172626
2.791667	1.172889
2.801667	1.172994
2.811667	1.173238
2.821667	1.173872
2.831667	1.175004
2.841667	1.176538
2.851667	1.178195
2.861667	1.179637
2.871667	1.180624
2.881667	1.181120
2.891667	1.181296
2.901667	1.181453
2.911667	1.181905
2.921667	1.182853
2.931667	1.184285
2.941667	1.185956
2.951667	1.187502
2.961667	1.188620
2.971667	1.189218
2.981667	1.189449
2.991667	1.189629
3.001667	1.190101
3.011667	1.191087
3.021667	1.192563
3.031667	1.194252
3.041667	1.195758
3.051667	1.196785
3.061667	1.197289
3.071667	1.197488
3.081667	1.197747
3.091667	1.198408
3.101667	1.199616
3.111667	1.201226
3.121667	1.202857
3.131667	1.204114
3.141667	1.204815
3.151667	1.205083
3.161667	1.205267
3.171667	1.205760
3.181667	1.206798
3.191667	1.208307
3.201667	1.209929
3.211667	1.211226
3.221667	1.211960
3.231667	1.212223
3.241667	1.212370
3.251667	1.212823
3.261667	1.213832
3.271667	1.215315
3.281667	1.216883
3.291667	1.218083
3.301667	1.218705
3.311667	1.218893
3.321667	1.219053
3.331667	1.219611
3.341667	1.220754
3.351667	1.222295
3.361667	1.223769
3.371667	1.224759
3.381667	1.225178
3.391667	1.225309
3.401667	1.225621
3.411667	1.226477
3.421667	1.227886
3.431667	1.229468
3.441667	1.230718
3.451667	1.231373
3.461667	1.231590
3.471667	1.231823
3.481667	1.232522
3.491667	1.233826
3.501667	1.235432
3.511667	1.236807
3.521667	1.237597
3.531667	1.237882
3.541667	1.238103
3.551667	1.238752
3.561667	1.240014
3.571667	1.241609
3.581667	1.242986
3.591667	1.243767
3.601667	1.244036
3.611667	1.244258
3.621667	1.244932
3.631667	1.246219
3.641667	1.247781
3.651667	1.249045
3.661667	1.249684
3.671667	1.249870
3.681667	1.250124
3.691667	1.250919
3.701667	1.252291
3.711667	1.253784
3.721667	1.254834
3.731667	1.255256
3.741667	1.255384
3.751667	1.255792
3.761667	1.256833
3.771667	1.258319
3.781667	1.259668
3.791667	1.260421
3.801667	1.260648
3.811667	1.260871
3.821667	1.261623
3.831667	1.262988
3.841667	1.264492
3.851667	1.265536
3.861667	1.265950
3.871667	1.266135
3.881667	1.266699
3.891667	1.267920
3.901667	1.269465
3.911667	1.270690
3.921667	1.271260
3.931667	1.271457
3.941667	1.271905
3.951667	1.273001
3.961667	1.274519
3.971667	1.275809
3.981667	1.276446
3.991667	1.276638
4.001667	1.277012
4.011667	1.278023
4.021667	1.279493
4.031667	1.280767
4.041667	1.281387
4.051667	1.281551
4.061667	1.281903
4.071667	1.282904
4.081667	1.284351
4.091667	1.285569
4.101667	1.286127
4.111667	1.286279
4.121667	1.286694
4.131667	1.287784
4.141667	1.289250
4.151667	1.290388
4.161667	1.290857
4.171667	1.291036
4.181667	1.291613
4.191667	1.292869
4.201667	1.294339
4.211667	1.295325
4.221667	1.295673
4.231667	1.295929
4.241667	1.296745
4.251667	1.298157
4.261667	1.299519
4.271667	1.300242
4.281667	1.300463
4.291667	1.300876
4.301667	1.301961
4.311667	1.303417
4.321667	1.304499
4.331667	1.304897
4.341667	1.305087
4.351667	1.305780
4.361667	1.307100
4.371667	1.308412
4.381667	1.309090
4.391667	1.309265
4.401667	1.309661
4.411667	1.310746
4.421667	1.312156
4.431667	1.313126
4.441667	1.313442
4.451667	1.313690
4.461667	1.314550
4.471667	1.315958
4.481667	1.317161
4.491667	1.317677
4.501667	1.317891
4.511667	1.318568
4.521667	1.319903
4.531667	1.321242
4.541667	1.321929
4.551667	1.322150
4.561667	1.322680
4.571667	1.323899
4.581667	1.325280
4.591667	1.326072
4.601667	1.326297
4.611667	1.326708
4.621667	1.327811
4.631667	1.329182
4.641667	1.330025
4.651667	1.330254
4.661667	1.330598
4.671667	1.331633
4.681667	1.332996
4.691667	1.333875
4.701667	1.334127
4.711667	1.334471
4.721667	1.335510
4.731667	1.336893
4.741667	1.337789
4.751667	1.338065
4.761667	1.338458
4.771667	1.339553
4.781667	1.340945
4.791667	1.341805
4.801667	1.342072
4.811667	1.342528
4.821667	1.343686
4.831667	1.345038
4.841667	1.345784
4.851667	1.346005
4.861667	1.346532
4.871667	1.347746
4.881667	1.349000
4.891667	1.349578
4.901667	1.349764
4.911667	1.350412
4.921667	1.351689
4.931667	1.352810
4.941667	1.353229
4.951667	1.353462
4.961667	1.354312
4.971667	1.355655
4.981667	1.356613
4.991667	1.356914
5.001667	1.357304
5.011667	1.358404
5.021667	1.359737
5.031667	1.360467
5.041667	1.360709
5.051667	1.361341
5.061667	1.362630
5.071667	1.363792
5.081667	1.364244
5.091667	1.364521
5.101667	1.365431
5.111667	1.366755
5.121667	1.367592
5.131667	1.367822
5.141667	1.368296
5.151667	1.369465
5.161667	1.370636
5.171667	1.371115
5.181667	1.371344
5.191667	1.372182
5.201667	1.373490
5.211667	1.374352
5.221667	1.374610
5.231667	1.375123
5.241667	1.376337
5.251667	1.377520
5.261667	1.378002
5.271667	1.378308
5.281667	1.379262
5.291667	1.380581
5.301667	1.381349
5.311667	1.381593
5.321667	1.382232
5.331667	1.383493
5.341667	1.384505
5.351667	1.384822
5.361667	1.385200
5.371667	1.386278
5.381667	1.387458
5.391667	1.387957
5.401667	1.388200
5.411667	1.389067
5.421667	1.390337
5.431667	1.391074
5.441667	1.391312
5.451667	1.391992
5.461667	1.393271
5.471667	1.394228
5.481667	1.394538
5.491667	1.395058
5.501667	1.396265
5.511667	1.397368
5.521667	1.397767
5.531667	1.398149
5.541667	1.399223
5.551667	1.400398
5.561667	1.400881
5.571667	1.401159
5.581667	1.402091
5.591667	1.403297
5.601667	1.403878
5.611667	1.404114
5.621667	1.404941
5.631667	1.406180
5.641667	1.406874
5.651667	1.407123
5.661667	1.407892
5.671667	1.409159
5.681667	1.409949
5.691667	1.410222
5.701667	1.410946
5.711667	1.412210
5.721667	1.413045
5.731667	1.413317
5.741667	1.413986
5.751667	1.415217
5.761667	1.416048
5.771667	1.416296
5.781667	1.416921
5.791667	1.418122
5.801667	1.418938
5.811667	1.419180
5.821667	1.419810
5.831667	1.421017
5.841667	1.421833
5.851667	1.422097
5.861667	1.422782
5.871667	1.424018
5.881667	1.424819
5.891667	1.425103
5.901667	1.425854
5.911667	1.427093
5.921667	1.427830
5.931667	1.428107
5.941667	1.428908
5.951667	1.430111
5.961667	1.430737
5.971667	1.431001
5.981667	1.431863
5.991667	1.433013
6.001667	1.433530
6.011667	1.433830
6.021667	1.434793
6.031667	1.435899
6.041667	1.436336
6.051667	1.436737
6.061667	1.437828
6.071667	1.438863
6.081667	1.439232
6.091667	1.439768
6.101667	1.440944
6.111667	1.441839
6.121667	1.442137
6.131667	1.442811
6.141667	1.443995
6.151667	1.444686
6.161667	1.444949
6.171667	1.445777
6.181667	1.446902
6.191667	1.447397
6.201667	1.447732
6.211667	1.448739
6.221667	1.449762
6.231667	1.450125
6.241667	1.450648
6.251667	1.451807
6.261667	1.452657
6.271667	1.452964
6.281667	1.453727
6.291667	1.454906
6.301667	1.455510
6.311667	1.455847
6.321667	1.456820
6.331667	1.457855
6.341667	1.458218
6.351667	1.458705
6.361667	1.459811
6.371667	1.460595
6.381667	1.460863
6.391667	1.461624
6.401667	1.462750
6.411667	1.463278
6.421667	1.463661
6.431667	1.464709
6.441667	1.465682
6.451667	1.466029
6.461667	1.466682
6.471667	1.467844
6.481667	1.468504
6.491667	1.468831
6.501667	1.469769
6.511667	1.470782
6.521667	1.471137
6.531667	1.471663
6.541667	1.472764
6.551667	1.473457
6.561667	1.473746
6.571667	1.474620
6.581667	1.475665
6.591667	1.476070
6.601667	1.476601
6.611667	1.477731
6.621667	1.478481
6.631667	1.478814
6.641667	1.479716
6.651667	1.480764
6.661667	1.481164
6.671667	1.481705
6.681667	1.482805
6.691667	1.483474
6.701667	1.483778
6.711667	1.484678
6.721667	1.485641
6.731667	1.485980
6.741667	1.486582
6.751667	1.487686
6.761667	1.488288
6.771667	1.488670
6.781667	1.489687
6.791667	1.490597
6.801667	1.490938
6.811667	1.491696
6.821667	1.492782
6.831667	1.493257
6.841667	1.493726
6.851667	1.494786
6.861667	1.495495
6.871667	1.495798
6.881667	1.496676
6.891667	1.497619
6.901667	1.497958
6.911667	1.498602
6.921667	1.499684
6.931667	1.500217
6.941667	1.500668
6.951667	1.501732
6.961667	1.502509
6.971667	1.502857
6.981667	1.503756
6.991667	1.504719
7.001667	1.505073
7.011667	1.505733
7.021667	1.506778
7.031667	1.507247
7.041667	1.507699
7.051667	1.508731
7.061667	1.509398
7.071667	1.509743
7.081667	1.510689
7.091667	1.511566
7.101667	1.511913
7.111667	1.512716
7.121667	1.513737
7.131667	1.514154
7.141667	1.514775
7.151667	1.515837
7.161667	1.516360
7.171667	1.516809
7.181667	1.517826
7.191667	1.518481
7.201667	1.518824
7.211667	1.519756
7.221667	1.520566
7.231667	1.520895
7.241667	1.521730
7.251667	1.522681
7.261667	1.523060
7.271667	1.523783
7.281667	1.524814
7.291667	1.525264
7.301667	1.525852
7.311667	1.526893
7.321667	1.527412
7.331667	1.527873
7.341667	1.528877
7.351667	1.529484
7.361667	1.529864
7.371667	1.530827
7.381667	1.531550
7.391667	1.531909
7.401667	1.532834
7.411667	1.533669
7.421667	1.534036
7.431667	1.534902
7.441667	1.535809
7.451667	1.536178
7.461667	1.536951
7.471667	1.537889
7.481667	1.538253
7.491667	1.538932
7.501667	1.539885
7.511667	1.540275
7.521667	1.540892
7.531667	1.541879
7.541667	1.542327
7.551667	1.542917
7.561667	1.543938
7.571667	1.544445
7.581667	1.545006
7.591667	1.546030
7.601667	1.546564
7.611667	1.547075
7.621667	1.548070
7.631667	1.548607
7.641667	1.549070
7.651667	1.550041
7.661667	1.550595
7.671667	1.551044
7.681667	1.552023
7.691667	1.552618
7.701667	1.553082
7.711667	1.554080
7.721667	1.554703
7.731667	1.555174
7.741667	1.556166
7.751667	1.556780
7.761667	1.557231
7.771667	1.558195
7.781667	1.558778
7.791667	1.559212
7.801667	1.560161
7.811667	1.560733
7.821667	1.561187
7.831667	1.562155
7.841667	1.562736
7.851667	1.563232
7.861667	1.564224
7.871667	1.564795
7.881667	1.565318
7.891667	1.566301
7.901667	1.566827
7.911667	1.567354
7.921667	1.568306
7.931667	1.568776
7.941667	1.569324
7.951667	1.570262
7.961667	1.570708
7.971667	1.571316
7.981667	1.572262
7.991667	1.572703
8.001667	1.573388
8.011667	1.574321
8.021667	1.574742
8.031667	1.575477
8.041667	1.576353
8.051667	1.576732
8.061667	1.577500
8.071667	1.578298
8.081667	1.578658
8.091667	1.579477
8.101667	1.580216
8.111667	1.580609
8.121667	1.581504
8.131667	1.582191
8.141667	1.582644
8.151667	1.583590
8.161667	1.584198
8.171667	1.584703
8.181667	1.585644
8.191667	1.586145
8.201667	1.586703
8.211667	1.587605
8.221667	1.588025
8.231667	1.588673
8.241667	1.589539
8.251667	1.589938
8.261667	1.590710
8.271667	1.591524
8.281667	1.591939
8.291667	1.592809
8.301667	1.593518
8.311667	1.593959
8.321667	1.594864
8.331667	1.595434
8.341667	1.595928
8.351667	1.596826
8.361667	1.597285
8.371667	1.597892
8.381667	1.598768
8.391667	1.599185
8.401667	1.599941
8.411667	1.600751
8.421667	1.601175
8.431667	1.602040
8.441667	1.602718
8.451667	1.603176
8.461667	1.604072
8.471667	1.604592
8.481667	1.605136
8.491667	1.606006
8.501667	1.606427
8.511667	1.607119
8.521667	1.607930
8.531667	1.608346
8.541667	1.609189
8.551667	1.609883
8.561667	1.610360
8.571667	1.611265
8.581667	1.611798
8.591667	1.612372
8.601667	1.613230
8.611667	1.613638
8.621667	1.614348
8.631667	1.615097
8.641667	1.615506
8.651667	1.616356
8.661667	1.616976
8.671667	1.617502
8.681667	1.618406
8.691667	1.618895
8.701667	1.619572
8.711667	1.620386
8.721667	1.620795
8.731667	1.621592
8.741667	1.622226
8.751667	1.622684
8.761667	1.623544
8.771667	1.624030
8.781667	1.624664
8.791667	1.625495
8.801667	1.625932
8.811667	1.626747
8.821667	1.627427
8.831667	1.627918
8.841667	1.628789
8.851667	1.629275
8.861666	1.629898
8.871666	1.630682
8.881666	1.631085
8.891666	1.631872
8.901666	1.632502
8.911666	1.633006
8.921666	1.633880
8.931666	1.634370
8.941666	1.635068
8.951666	1.635849
8.961666	1.636291
8.971666	1.637117
8.981666	1.637683
8.991666	1.638219
9.001666	1.639034
9.011666	1.639457
9.021666	1.640187
9.031666	1.640876
9.041666	1.641353
9.051666	1.642216
9.061666	1.642738
9.071666	1.643399
9.081666	1.644187
9.091666	1.644626
9.101666	1.645430
9.111666	1.645996
9.121666	1.646531
9.131666	1.647332
9.141666	1.647761
9.151666	1.648505
9.161666	1.649169
9.171666	1.649678
9.181666	1.650531
9.191666	1.651026
9.201666	1.651730
9.211666	1.652455
9.221666	1.652912
9.231666	1.653724
9.241666	1.654219
9.251666	1.654833
9.261666	1.655574
9.271666	1.656013
9.281666	1.656820
9.291666	1.657385
9.301666	1.657996
9.311666	1.658797
9.321666	1.659259
9.331666	1.660050
9.341666	1.660632
9.351666	1.661184
9.361666	1.661958
9.371666	1.662385
9.381666	1.663132
9.391666	1.663727
9.401666	1.664275
9.411666	1.665082
9.421666	1.665552
9.431666	1.666325
9.441666	1.666953
9.451666	1.667504
9.461666	1.668296
9.471666	1.668739
9.481666	1.669469
9.491666	1.670058
9.501666	1.670586
9.511666	1.671364
9.521666	1.671822
9.531666	1.672585
9.541666	1.673201
9.551666	1.673779
9.561666	1.674569
9.571666	1.675034
9.581666	1.675792
9.591666	1.676355
9.601666	1.676916
9.611666	1.677652
9.621666	1.678096
9.631666	1.678861
9.641666	1.679412
9.651666	1.680037
9.661666	1.680784
9.671666	1.681274
9.681666	1.682069
9.691666	1.682590
9.701666	1.683236
9.711666	1.683909
9.721666	1.684382
9.731666	1.685144
9.741666	1.685617
9.751666	1.686309
9.761666	1.686953
9.771666	1.687499
9.781666	1.688285
9.791666	1.688773
9.801666	1.689522
9.811666	1.690099
9.821666	1.690676
9.831666	1.691388
9.841666	1.691842
9.851666	1.692589
9.861666	1.693098
9.871666	1.693751
9.881666	1.694430
9.891666	1.694958
9.901666	1.695741
9.911666	1.696237
9.921666	1.696960
9.931666	1.697545
9.941666	1.698107
9.951666	1.698812
9.961666	1.699271
9.971666	1.700012
9.981666	1.700525
9.991666	1.701190
10.001666	1.701854
10.011666	1.702401
10.021666	1.703165
10.031666	1.703655
10.041666	1.704382
10.051666	1.704928
10.061666	1.705522
10.071666	1.706187
10.081666	1.706672
10.091666	1.707414
10.101666	1.707909
10.111666	1.708622
10.121666	1.709227
10.131666	1.709829
10.141666	1.710543
10.151666	1.711039
10.161666	1.711774
10.171666	1.712259
10.181666	1.712922
10.191666	1.713505
10.201666	1.714065
10.211666	1.714772
10.221666	1.715276
10.231666	1.716030
10.241666	1.716556
10.251666	1.717246
10.261666	1.717851
10.271666	1.718416
10.281666	1.719098
10.291666	1.719576
10.301666	1.720288
10.311666	1.720783
10.321666	1.721463
10.331666	1.722060
10.341666	1.722664
10.351666	1.723363
10.361666	1.723886
10.371666	1.724616
10.381666	1.725108
10.391666	1.725787
10.401666	1.726328
10.411666	1.726922
10.421666	1.727563
10.431666	1.728092
10.441666	1.728814
10.451666	1.729328
10.461666	1.730054
10.471666	1.730600
10.481666	1.731251
10.491666	1.731854
10.501666	1.732404
10.511666	1.733067
10.521666	1.733557
10.531666	1.734258
10.541666	1.734766
10.551666	1.735460
10.561666	1.736037
10.571666	1.736671
10.581666	1.737318
10.591666	1.737865
10.601666	1.738548
10.611666	1.739036
10.621666	1.739718
10.631666	1.740218
10.641666	1.740877
10.651666	1.741451
10.661666	1.742067
10.671666	1.742724
10.681666	1.743283
10.691666	1.743979
10.701666	1.744488
10.711666	1.745173
10.721666	1.745672
10.731666	1.746318
10.741666	1.746868
10.751666	1.747472
10.761666	1.748104
10.771666	1.748671
10.781666	1.749362
10.791666	1.749895
10.801666	1.750591
10.811666	1.751102
10.821666	1.751760
10.831666	1.752286
10.841666	1.752897
10.851666	1.753483
10.861666	1.754060
10.871666	1.754716
10.881666	1.755268
10.891666	1.755961
10.901666	1.756490
10.911666	1.757171
10.921666	1.757687
10.931666	1.758326
10.941666	1.758864
10.951666	1.759464
10.961666	1.760060
10.971666	1.760637
10.981666	1.761294
10.991666	1.761849
11.001666	1.762532
11.011666	1.763060
11.021666	1.763728
11.031666	1.764239
11.041666	1.764875
11.051666	1.765406
11.061666	1.766018
11.071666	1.766604
11.081666	1.767201
11.091666	1.767840
11.101666	1.768412
11.111666	1.769072
11.121666	1.769605
11.131666	1.770257
11.141666	1.770762
11.151666	1.771402
11.161666	1.771920
11.171666	1.772557
11.181666	1.773120
11.191666	1.773752
11.201666	1.774355
11.211666	1.774956
11.221666	1.775575
11.231666	1.776127
11.241666	1.776748
11.251666	1.777267
11.261666	1.777900
11.271666	1.778422
11.281666	1.779077
11.291666	1.779621
11.301666	1.780283
11.311666	1.780842
11.321666	1.781478
11.331666	1.782036
11.341666	1.782630
11.351666	1.783193
11.361666	1.783762
11.371666	1.784357
11.381666	1.784923
11.391666	1.785558
11.401666	1.786124
11.411666	1.786775
11.421666	1.787323
11.431666	1.787960
11.441666	1.788481
11.451666	1.789102
11.461666	1.789620
11.471666	1.790241
11.481666	1.790787
11.491666	1.791420
11.501666	1.791994
11.511666	1.792621
11.521666	1.793203
11.531666	1.793796
11.541666	1.794370
11.551666	1.794931
11.561666	1.795512
11.571666	1.796067
11.581666	1.796677
11.591666	1.797243
11.601666	1.797879
11.611666	1.798444
11.621666	1.799077
11.631666	1.799619
11.641666	1.800233
11.651666	1.800754
11.661666	1.801361
11.671666	1.801891
11.681666	1.802512
11.691666	1.803068
11.701666	1.803703
11.711666	1.804269
11.721666	1.804891
11.731666	1.805446
11.741666	1.806038
11.751666	1.806582
11.761666	1.807162
11.771666	1.807721
11.781666	1.808313
11.791666	1.808901
11.801666	1.809503
11.811666	1.810101
11.821666	1.810687
11.831666	1.811272
11.841666	1.811829
11.851666	1.812403
11.861666	1.812952
11.871666	1.813538
11.881666	1.814103
11.891666	1.814715
11.901666	1.815291
11.911666	1.815906
11.921666	1.816468
11.931666	1.817065
11.941666	1.817602
11.951666	1.818187
11.961666	1.818722
11.971666	1.819319
11.981666	1.819874
11.991666	1.820493
12.001666	1.821060
12.011666	1.821677
12.021666	1.822229
12.031666	1.822825
12.041666	1.823354
12.051666	1.823940
12.061666	1.824473
12.071666	1.825074
12.081666	1.825630
12.091666	1.826249
12.101666	1.826813
12.111666	1.827426
12.121666	1.827972
12.131666	1.828562
12.141666	1.829090
12.151666	1.829674
12.161666	1.830211
12.171666	1.830813
12.181666	1.831372
12.191666	1.831990
12.201666	1.832551
12.211666	1.833158
12.221666	1.833699
12.231666	1.834283
12.241666	1.834809
12.251666	1.835393
12.261666	1.835934
12.271666	1.836539
12.281666	1.837099
12.291666	1.837715
12.301666	1.838272
12.311666	1.838871
12.321666	1.839405
12.331666	1.839984
12.341666	1.840510
12.351666	1.841096
12.361666	1.841641
12.371666	1.842248
12.381666	1.842810
12.391666	1.843419
12.401666	1.843973
12.411666	1.844559
12.421666	1.845091
12.431666	1.845662
12.441666	1.846195
12.451666	1.846778
12.461666	1.847335
12.471666	1.847935
12.481666	1.848505
12.491666	1.849097
12.501666	1.849653
12.511666	1.850219
12.521666	1.850759
12.531666	1.851315
12.541666	1.851868
12.551666	1.852439
12.561666	1.853019
12.571666	1.853599
12.581666	1.854186
12.591666	1.854748
12.601666	1.855318
12.611666	1.855854
12.621666	1.856418
12.631666	1.856951
12.641666	1.857538
12.651666	1.858088
12.661666	1.858699
12.671666	1.859250
12.681666	1.859856
12.691666	1.860384
12.701666	1.860970
12.711666	1.861480
12.721666	1.862068
12.731666	1.862589
12.741666	1.863198
12.751666	1.863740
12.761666	1.864358
12.771666	1.864898
12.781666	1.865493
12.791666	1.866014
12.801666	1.866586
12.811666	1.867108
12.821666	1.867681
12.831666	1.868233
12.841666	1.868817
12.851666	1.869392
12.861666	1.869964
12.871666	1.870535
12.881666	1.871072
12.891666	1.871634
12.901666	1.872153
12.911666	1.872735
12.921666	1.873263
12.931666	1.873876
12.941666	1.874411
12.951666	1.875032
12.961666	1.875549
12.971666	1.876149
12.981666	1.876645
12.991666	1.877233
13.001666	1.877739
13.011666	1.878337
13.021666	1.878876
13.031666	1.879478
13.041666	1.880032
13.051666	1.880605
13.061666	1.881154
13.071666	1.881688
13.081666	1.882243
13.091666	1.882764
13.101666	1.883355
13.111666	1.883883
13.121666	1.884505
13.131666	1.885025
13.141666	1.885643
13.151666	1.886139
13.161666	1.886734
13.171666	1.887222
13.181666	1.887813
13.191666	1.888330
13.201666	1.888927
13.211666	1.889479
13.221666	1.890057
13.231666	1.890622
13.241666	1.891154
13.251666	1.891720
13.261666	1.892218
13.271666	1.892810
13.281666	1.893310
13.291666	1.893936
13.301666	1.894446
13.311666	1.895077
13.321666	1.895579
13.331666	1.896176
13.341666	1.896673
13.351666	1.897237
13.361666	1.897765
13.371666	1.898317
13.381666	1.898898
13.391666	1.899436
13.401666	1.900048
13.411666	1.900548
13.421666	1.901156
13.431666	1.901624
13.441666	1.902228
13.451666	1.902707
13.461666	1.903317
13.471666	1.903838
13.481666	1.904434
13.491666	1.904988
13.501666	1.905531
13.511666	1.906098
13.521666	1.906589
13.531666	1.907180
13.541666	1.907655
13.551666	1.908284
13.561666	1.908776
13.571666	1.909411
13.581666	1.909915
13.591666	1.910506
13.601666	1.911020
13.611666	1.911553
13.621666	1.912106
13.631666	1.912609
13.641666	1.913222
13.651666	1.913717
13.661666	1.914360
13.671666	1.914840
13.681666	1.915456
13.691666	1.915932
13.701666	1.916502
13.711666	1.917018
13.721666	1.917557
13.731666	1.918144
13.741666	1.918655
13.751666	1.919287
13.761666	1.919760
13.771666	1.920383
13.781666	1.920837
13.791666	1.921431
13.801666	1.921923
13.811666	1.922489
13.821666	1.923056
13.831666	1.923582
13.841666	1.924200
13.851666	1.924670
13.861666	1.925292
13.871666	1.925734
13.881666	1.926341
13.891666	1.926822
13.901666	1.927404
13.911666	1.927961
13.921666	1.928492
13.931666	1.929102
13.941666	1.929566
13.951666	1.930186
13.961666	1.930622
13.971666	1.931234
13.981666	1.931716
13.991666	1.932301
14.001666	1.932861
14.011666	1.933383
14.021666	1.933995
14.031666	1.934445
14.041666	1.935066
14.051666	1.935500
14.061666	1.936111
14.071666	1.936608
14.081666	1.937178
14.091666	1.937758
14.101666	1.938253
14.111666	1.938876
14.121666	1.939309
14.131666	1.939930
14.141666	1.940374
14.151666	1.940969
14.161666	1.941498
14.171666	1.942036
14.181666	1.942647
14.191666	1.943107
14.201666	1.943741
14.211666	1.944165
14.221666	1.944773
14.231666	1.945250
14.241666	1.945806
14.251666	1.946388
14.261666	1.946876
14.271666	1.947521
14.281666	1.947953
14.291666	1.948578
14.301666	1.949025
14.311666	1.949586
14.321666	1.950131
14.331666	1.950626
14.341666	1.951268
14.351666	1.951713
14.361666	1.952362
14.371666	1.952806
14.381666	1.953376
14.391666	1.953893
14.401666	1.954378
14.411666	1.955005
14.421666	1.955449
14.431666	1.956113
14.441666	1.956568
14.451666	1.957152
14.461666	1.957670
14.471666	1.958142
14.481666	1.958755
14.491666	1.959180
14.501666	1.959841
14.511666	1.960304
14.521666	1.960897
14.531666	1.961440
14.541666	1.961904
14.551666	1.962520
14.561666	1.962924
14.571666	1.963567
14.581666	1.964032
14.591666	1.964610
14.601666	1.965187
14.611666	1.965645
14.621666	1.966284
14.631666	1.966683
14.641666	1.967300
14.651666	1.967772
14.661666	1.968306
14.671666	1.968915
14.681666	1.969358
14.691666	1.970024
14.701666	1.970442
14.711666	1.971031
14.721666	1.971532
14.731666	1.972005
14.741666	1.972639
14.751666	1.973059
14.761666	1.973727
14.771666	1.974188
14.781666	1.974739
14.791666	1.975301
14.801666	1.975718
14.811666	1.976364
14.821666	1.976773
14.831666	1.977398
14.841666	1.977923
14.851666	1.978419
14.861666	1.979053
14.871666	1.979444
14.881666	1.980079
14.891666	1.980516
14.901666	1.981054
14.911666	1.981650
14.921666	1.982084
14.931666	1.982763
14.941666	1.983180
14.951666	1.983764
14.961666	1.984282
14.971666	1.984719
14.981666	1.985367
14.991666	1.985769
15.000000	1.986309
